0	0.04
0	0.08
0	0.13
0	0.17
0	0.21
0	0.25
0	0.29
0	0.33
2.19	0.38
2.33	0.42
2.51	0.46
2.46	0.50
2.41	0.54
2.16	0.58
0	0.63
0	0.67
0	0.71
2.08	0.75
0	0.79
0	0.83
0	0.88
0	0.92
2.37	0.96
2.06	1.00
2.08	1.04
0	1.08
0	1.13
0	1.17
0	1.21
0	1.25
0	1.29
0	1.33
2.24	1.38
2.56	1.42
2.98	1.46
2.54	1.50
2.45	1.54
2.16	1.58
2.35	1.63
2.40	1.67
1.85	1.71
2.32	1.75
2.17	1.79
2.27	1.83
1.98	1.88
1.96	1.92
0	1.96
2.11	2.00
0	2.04
0	2.08
0	2.13
0	2.17
0	2.21
0	2.25
0	2.29
1.81	2.33
2.25	2.38
0	2.42
2.33	2.46
3.07	2.50
3.17	2.54
2.98	2.58
0	2.63
0	2.67
2.08	2.71
0	2.75
0	2.79
0	2.83
2.59	2.88
0	2.92
0	2.96
0	3.00
0	3.04
0	3.08
0	3.13
2.57	3.17
2.38	3.21
2.72	3.25
2.03	3.29
3.03	3.33
0	3.38
2.30	3.42
3.41	3.46
2.30	3.50
2.22	3.54
2.53	3.58
2.11	3.63
1.82	3.67
2.20	3.71
0	3.75
0	3.79
0	3.83
0	3.88
0	3.92
0	3.96
0	4.00
1.67	4.04
0	4.08
2.08	4.13
2.37	4.17
5.54	4.21
5.07	4.25
1.69	4.29
0	4.33
2.16	4.38
2.82	4.42
2.88	4.46
3.85	4.50
2.57	4.54
2.14	4.58
2.11	4.63
0	4.67
0	4.71
0	4.75
0	4.79
4.12	4.83
0	4.88
2.17	4.92
2.14	4.96
2.17	5.00
2.35	5.04
2.20	5.08
2.08	5.13
1.77	5.17
0	5.21
0	5.25
0	5.29
1.85	5.33
2.78	5.38
3.04	5.42
2.48	5.46
2.56	5.50
2.22	5.54
2.24	5.58
2.41	5.63
5.07	5.67
0	5.71
0	5.75
4.67	5.79
0	5.83
2.48	5.88
0	5.92
0	5.96
0	6.00
0	6.04
0	6.08
0	6.13
0	6.17
0	6.21
0	6.25
0	6.29
2.33	6.33
2.29	6.38
2.72	6.42
2.17	6.46
0	6.50
2.72	6.54
0	6.58
0	6.63
0	6.67
0	6.71
2.16	6.75
0	6.79
0	6.83
0	6.88
0	6.92
0	6.96
0	7.00
0	7.04
1.82	7.08
0	7.13
0	7.17
0	7.21
0	7.25
0	7.29
0	7.33
0	7.38
3.52	7.42
2.40	7.46
3.07	7.50
2.48	7.54
2.27	7.58
0	7.63
2.48	7.67
1.83	7.71
1.98	7.75
0	7.79
0	7.83
0	7.88
0	7.92
0	7.96
0	8.00
0	8.04
1.95	8.08
1.98	8.13
0	8.17
0	8.21
0	8.25
0	8.29
2.00	8.33
2.37	8.38
3.27	8.42
2.80	8.46
2.78	8.50
2.90	8.54
2.48	8.58
2.66	8.63
3.69	8.67
0	8.71
0	8.75
0	8.79
1.96	8.83
0	8.88
0	8.92
0	8.96
0	9.00
0	9.04
0	9.08
0	9.13
2.03	9.17
0	9.21
0	9.25
0	9.29
1.90	9.33
2.37	9.38
3.36	9.42
2.77	9.46
2.49	9.50
2.20	9.54
1.95	9.58
0	9.63
0	9.67
0	9.71
0	9.75
0	9.79
0	9.83
3.17	9.88
0	9.92
2.29	9.96
2.09	10.00
0	10.04
0	10.08
0	10.13
0	10.17
0	10.21
0	10.25
0	10.29
0	10.33
2.57	10.38
2.06	10.42
2.54	10.46
2.46	10.50
2.01	10.54
2.06	10.58
2.16	10.63
0	10.67
0	10.71
0	10.75
0	10.79
0	10.83
0	10.88
0	10.92
0	10.96
0	11.00
0	11.04
0	11.08
0	11.13
1.88	11.17
0	11.21
0	11.25
0	11.29
0	11.33
2.40	11.38
2.14	11.42
2.24	11.46
0	11.50
0	11.54
1.98	11.58
0	11.63
0	11.67
0	11.71
0	11.75
0	11.79
1.87	11.83
2.32	11.88
2.56	11.92
0	11.96
0	12.00
0	12.04
2.00	12.08
0	12.13
2.04	12.17
1.98	12.21
0	12.25
0	12.29
0	12.33
0	12.38
0	12.42
0	12.46
0	12.50
0	12.54
0	12.58
0	12.63
0	12.67
2.91	12.71
0	12.75
0	12.79
2.38	12.83
0	12.88
2.22	12.92
2.48	12.96
2.54	13.00
0	13.04
0	13.08
0	13.13
4.94	13.17
0	13.21
0	13.25
0	13.29
4.20	13.33
0	13.38
2.43	13.42
0	13.46
0	13.50
2.48	13.54
2.12	13.58
1.75	13.63
2.57	13.67
5.00	13.71
0	13.75
0	13.79
0	13.83
0	13.88
2.06	13.92
0	13.96
1.95	14.00
0	14.04
0	14.08
0	14.13
0	14.17
0	14.21
0	14.25
0	14.29
2.33	14.33
0	14.38
0	14.42
2.38	14.46
2.70	14.50
2.45	14.54
2.00	14.58
0	14.63
0	14.67
0	14.71
0	14.75
0	14.79
0	14.83
0	14.88
0	14.92
0	14.96
0	15.00
0	15.04
0	15.08
0	15.13
0	15.17
0	15.21
0	15.25
0	15.29
0	15.33
4.91	15.38
0	15.42
2.41	15.46
2.45	15.50
2.56	15.54
0	15.58
0	15.63
0	15.67
0	15.71
0	15.75
0	15.79
0	15.83
0	15.88
0	15.92
0	15.96
0	16.00
0	16.04
1.88	16.08
0	16.13
0	16.17
0	16.21
0	16.25
2.82	16.29
0	16.33
0	16.38
2.54	16.42
2.77	16.46
2.93	16.50
2.64	16.54
0	16.58
2.40	16.63
0	16.67
4.65	16.71
2.00	16.75
1.95	16.79
0	16.83
0	16.88
0	16.92
0	16.96
0	17.00
0	17.04
0	17.08
0	17.13
0	17.17
0	17.21
0	17.25
0	17.29
2.08	17.33
2.32	17.38
2.45	17.42
2.53	17.46
2.56	17.50
2.57	17.54
2.14	17.58
0	17.63
2.20	17.67
0	17.71
0	17.75
0	17.79
0	17.83
0	17.88
0	17.92
0	17.96
0	18.00
0	18.04
0	18.08
0	18.13
0	18.17
0	18.21
0	18.25
0	18.29
0	18.33
2.04	18.38
2.56	18.42
2.57	18.46
2.53	18.50
2.74	18.54
6.10	18.58
0	18.63
0	18.67
1.95	18.71
0	18.75
0	18.79
0	18.83
0	18.88
0	18.92
0	18.96
0	19.00
2.04	19.04
0	19.08
0	19.13
1.64	19.17
2.93	19.21
0	19.25
0	19.29
0	19.33
2.49	19.38
2.57	19.42
3.15	19.46
2.45	19.50
2.53	19.54
2.91	19.58
0	19.63
3.88	19.67
0	19.71
0	19.75
0	19.79
0	19.83
2.96	19.88
0	19.92
0	19.96
0	20.00
0	20.04
0	20.08
0	20.13
1.56	20.17
1.85	20.21
0	20.25
0	20.29
2.09	20.33
2.94	20.38
2.57	20.42
2.94	20.46
2.56	20.50
2.70	20.54
2.54	20.58
0	20.63
0	20.67
2.45	20.71
1.87	20.75
0	20.79
0	20.83
0	20.88
0	20.92
0	20.96
0	21.00
0	21.04
0	21.08
0	21.13
1.85	21.17
2.29	21.21
4.23	21.25
0	21.29
0	21.33
2.19	21.38
0	21.42
3.19	21.46
2.99	21.50
2.51	21.54
2.45	21.58
0	21.63
2.27	21.67
5.79	21.71
0	21.75
2.49	21.79
2.06	21.83
0	21.88
2.12	21.92
1.98	21.96
0	22.00
0	22.04
0	22.08
0	22.13
2.32	22.17
0	22.21
0	22.25
0	22.29
0	22.33
2.56	22.38
2.46	22.42
2.38	22.46
2.45	22.50
2.57	22.54
2.11	22.58
0	22.63
1.83	22.67
0	22.71
0	22.75
0	22.79
0	22.83
0	22.88
0	22.92
0	22.96
0	23.00
0	23.04
0	23.08
0	23.13
0	23.17
0	23.21
0	23.25
0	23.29
0	23.33
2.83	23.38
2.96	23.42
3.03	23.46
2.96	23.50
2.30	23.54
2.20	23.58
1.90	23.63
2.37	23.67
4.86	23.71
3.81	23.75
2.80	23.79
3.12	23.83
2.37	23.88
2.20	23.92
0	23.96
0	24.00
2.83	24.04
0	24.08
0	24.13
0	24.17
5.15	24.21
4.22	24.25
4.20	24.29
4.30	24.33
2.16	24.38
0	24.42
2.30	24.46
3.01	24.50
2.20	24.54
2.09	24.58
0	24.63
1.83	24.67
0	24.71
0	24.75
2.14	24.79
1.69	24.83
0	24.88
1.82	24.92
2.27	24.96
2.25	25.00
0	25.04
0	25.08
0	25.13
0	25.17
0	25.21
0	25.25
0	25.29
0	25.33
0	25.38
0	25.42
0	25.46
0	25.50
2.30	25.54
2.19	25.58
0	25.63
0	25.67
4.17	25.71
0	25.75
2.01	25.79
2.45	25.83
0	25.88
2.43	25.92
2.51	25.96
2.43	26.00
2.38	26.04
2.52	26.08
2.06	26.13
4.71	26.17
4.73	26.21
2.99	26.25
9.33	26.29
7.32	26.33
2.19	26.38
0	26.42
0	26.46
2.32	26.50
0	26.54
0	26.58
1.80	26.63
2.00	26.67
0	26.71
2.24	26.75
1.90	26.79
2.38	26.83
0	26.88
3.44	26.92
3.15	26.96
2.51	27.00
2.51	27.04
2.91	27.08
2.62	27.13
1.87	27.17
0	27.21
0	27.25
0	27.29
1.80	27.33
0	27.38
0	27.42
0	27.46
0	27.50
0	27.54
0	27.58
0	27.63
0	27.67
1.83	27.71
2.01	27.75
0	27.79
0	27.83
0	27.88
0	27.92
2.57	27.96
2.32	28.00
0	28.04
2.38	28.08
0	28.13
2.12	28.17
4.80	28.21
2.54	28.25
2.38	28.29
2.11	28.33
0	28.38
0	28.42
0	28.46
0	28.50
2.41	28.54
0	28.58
0	28.63
0	28.67
0	28.71
0	28.75
0	28.79
0	28.83
0	28.88
0	28.92
0	28.96
0	29.00
0	29.04
0	29.08
0	29.13
0	29.17
0	29.21
0	29.25
2.48	29.29
2.24	29.33
1.98	29.38
2.00	29.42
2.32	29.46
0	29.50
0	29.54
0	29.58
0	29.63
0	29.67
0	29.71
0	29.75
0	29.79
0	29.83
0	29.88
0	29.92
0	29.96
0	30.00
0	30.04
0	30.08
0	30.13
0	30.17
0	30.21
0	30.25
2.09	30.29
1.82	30.33
0	30.38
0	30.42
0	30.46
0	30.50
0	30.54
0	30.58
0	30.63
0	30.67
0	30.71
0	30.75
0	30.79
0	30.83
0	30.88
0	30.92
0	30.96
0	31.00
0	31.04
0	31.08
0	31.13
0	31.17
0	31.21
0	31.25
0	31.29
0	31.33
0	31.38
2.16	31.42
0	31.46
0	31.50
0	31.54
0	31.58
0	31.63
0	31.67
0	31.71
2.85	31.75
0	31.79
0	31.83
0	31.88
0	31.92
0	31.96
0	32.00
0	32.04
0	32.08
0	32.13
0	32.17
0	32.21
0	32.25
0	32.29
0	32.33
0	32.38
0	32.42
0	32.46
0	32.50
0	32.54
0	32.58
0	32.63
0	32.67
0	32.71
0	32.75
0	32.79
0	32.83
0	32.88
0	32.92
0	32.96
0	33.00
0	33.04
0	33.08
0	33.13
0	33.17
0	33.21
0	33.25
0	33.29
2.06	33.33
0	33.38
0	33.42
1.77	33.46
0	33.50
0	33.54
0	33.58
0	33.63
0	33.67
0	33.71
0	33.75
0	33.79
0	33.83
0	33.88
2.12	33.92
5.23	33.96
1.87	34.00
3.23	34.04
2.06	34.08
0	34.13
0	34.17
0	34.21
0	34.25
0	34.29
0	34.33
1.74	34.38
0	34.42
2.29	34.46
0	34.50
0	34.54
1.66	34.58
0	34.63
0	34.67
0	34.71
0	34.75
0	34.79
0	34.83
2.08	34.88
2.00	34.92
0	34.96
0	35.00
0	35.04
0	35.08
0	35.13
0	35.17
0	35.21
0	35.25
0	35.29
1.87	35.33
2.27	35.38
2.04	35.42
0	35.46
2.00	35.50
0	35.54
2.41	35.58
1.98	35.63
2.83	35.67
0	35.71
0	35.75
0	35.79
0	35.83
0	35.88
0	35.92
2.09	35.96
0	36.00
0	36.04
0	36.08
0	36.13
0	36.17
0	36.21
0	36.25
0	36.29
0	36.33
0	36.38
0	36.42
0	36.46
0	36.50
0	36.54
0	36.58
0	36.63
0	36.67
0	36.71
0	36.75
0	36.79
0	36.83
0	36.88
0	36.92
0	36.96
0	37.00
0	37.04
0	37.08
0	37.13
0	37.17
0	37.21
0	37.25
1.48	37.29
1.85	37.33
1.91	37.38
1.85	37.42
2.12	37.46
2.09	37.50
2.25	37.54
2.06	37.58
2.00	37.63
1.85	37.67
0	37.71
0	37.75
0	37.79
0	37.83
0	37.88
2.06	37.92
2.14	37.96
0	38.00
0	38.04
2.17	38.08
0	38.13
0	38.17
0	38.21
0	38.25
0	38.29
0	38.33
2.32	38.38
2.64	38.42
3.14	38.46
3.67	38.50
2.66	38.54
2.56	38.58
2.88	38.63
3.96	38.67
2.88	38.71
2.80	38.75
2.64	38.79
2.32	38.83
0	38.88
0	38.92
0	38.96
0	39.00
0	39.04
1.85	39.08
0	39.13
0	39.17
0	39.21
5.00	39.25
0	39.29
1.93	39.33
0	39.38
0	39.42
3.43	39.46
2.93	39.50
2.61	39.54
3.28	39.58
2.12	39.63
2.20	39.67
3.86	39.71
5.46	39.75
0	39.79
0	39.83
0	39.88
0	39.92
2.24	39.96
2.16	40.00
2.01	40.04
1.67	40.08
0	40.13
0	40.17
0	40.21
0	40.25
0	40.29
0	40.33
0	40.38
0	40.42
2.00	40.46
1.98	40.50
2.41	40.54
2.04	40.58
2.14	40.63
1.72	40.67
0	40.71
0	40.75
0	40.79
0	40.83
0	40.88
4.18	40.92
0	40.96
2.11	41.00
2.53	41.04
2.54	41.08
0	41.13
0	41.17
0	41.21
0	41.25
3.15	41.29
0	41.33
0	41.38
0	41.42
0	41.46
0	41.50
1.98	41.54
2.83	41.58
1.93	41.63
0	41.67
0	41.71
0	41.75
0	41.79
0	41.83
0	41.88
0	41.92
0	41.96
0	42.00
2.37	42.04
0	42.08
0	42.13
0	42.17
0	42.21
0	42.25
0	42.29
0	42.33
0	42.38
0	42.42
0	42.46
0	42.50
2.59	42.54
0	42.58
0	42.63
0	42.67
0	42.71
0	42.75
0	42.79
2.00	42.83
0	42.88
2.51	42.92
0	42.96
0	43.00
0	43.04
0	43.08
0	43.13
0	43.17
0	43.21
0	43.25
0	43.29
0	43.33
0	43.38
0	43.42
0	43.46
0	43.50
0	43.54
0	43.58
0	43.63
0	43.67
0	43.71
0	43.75
0	43.79
0	43.83
0	43.88
0	43.92
2.09	43.96
0	44.00
0	44.04
0	44.08
0	44.13
0	44.17
0	44.21
0	44.25
0	44.29
1.96	44.33
0	44.38
0	44.42
0	44.46
0	44.50
0	44.54
0	44.58
0	44.63
0	44.67
0	44.71
0	44.75
0	44.79
0	44.83
0	44.88
0	44.92
0	44.96
0	45.00
0	45.04
0	45.08
0	45.13
0	45.17
0	45.21
0	45.25
0	45.29
0	45.33
0	45.38
0	45.42
0	45.46
0	45.50
0	45.54
0	45.58
0	45.63
0	45.67
0	45.71
0	45.75
0	45.79
0	45.83
0	45.88
0	45.92
0	45.96
0	46.00
0	46.04
0	46.08
0	46.13
0	46.17
0	46.21
0	46.25
0	46.29
0	46.33
0	46.38
0	46.42
0	46.46
0	46.50
0	46.54
0	46.58
0	46.63
0	46.67
0	46.71
0	46.75
0	46.79
0	46.83
0	46.88
0	46.92
0	46.96
0	47.00
0	47.04
0	47.08
0	47.13
0	47.17
1.95	47.21
1.30	47.25
0	47.29
0	47.33
0	47.38
0	47.42
2.53	47.46
0	47.50
2.49	47.54
2.66	47.58
2.33	47.63
1.87	47.67
2.90	47.71
0	47.75
0	47.79
0	47.83
0	47.88
0	47.92
0	47.96
0	48.00
0	48.04
0	48.08
0	48.13
2.04	48.17
5.86	48.21
0	48.25
0	48.29
0	48.33
2.11	48.38
0	48.42
0	48.46
0	48.50
2.38	48.54
2.24	48.58
2.09	48.63
0	48.67
0	48.71
1.91	48.75
1.87	48.79
0	48.83
0	48.88
0	48.92
0	48.96
0	49.00
0	49.04
0	49.08
0	49.13
0	49.17
0	49.21
0	49.25
0	49.29
0	49.33
1.96	49.38
2.01	49.42
2.45	49.46
2.45	49.50
2.86	49.54
2.45	49.58
2.03	49.63
0	49.67
0	49.71
0	49.75
0	49.79
0	49.83
2.37	49.88
0	49.92
0	49.96
0	50.00
0	50.04
0	50.08
0	50.13
0	50.17
0	50.21
0	50.25
0	50.29
0	50.33
0	50.38
0	50.42
0	50.46
0	50.50
2.62	50.54
2.38	50.58
2.08	50.63
1.64	50.67
0	50.71
0	50.75
2.40	50.79
0	50.83
0	50.88
1.87	50.92
2.00	50.96
2.04	51.00
0	51.04
0	51.08
0	51.13
0	51.17
0	51.21
2.09	51.25
0	51.29
0	51.33
0	51.38
0	51.42
0	51.46
0	51.50
0	51.54
2.40	51.58
2.29	51.63
0	51.67
0	51.71
0	51.75
0	51.79
0	51.83
0	51.88
0	51.92
0	51.96
0	52.00
0	52.04
0	52.08
0	52.13
0	52.17
2.24	52.21
0	52.25
0	52.29
0	52.33
0	52.38
2.64	52.42
2.59	52.46
2.74	52.50
2.96	52.54
2.41	52.58
2.14	52.63
0	52.67
0	52.71
0	52.75
0	52.79
0	52.83
0	52.88
0	52.92
0	52.96
0	53.00
0	53.04
0	53.08
0	53.13
0	53.17
2.45	53.21
3.28	53.25
2.20	53.29
1.85	53.33
0	53.38
0	53.42
2.57	53.46
0	53.50
0	53.54
2.48	53.58
2.16	53.63
0	53.67
0	53.71
0	53.75
0	53.79
1.71	53.83
0	53.88
0	53.92
0	53.96
0	54.00
0	54.04
1.88	54.08
0	54.13
0	54.17
0	54.21
0	54.25
0	54.29
2.01	54.33
2.12	54.38
1.72	54.42
0	54.46
2.41	54.50
2.56	54.54
2.20	54.58
1.95	54.63
0	54.67
1.90	54.71
0	54.75
0	54.79
0	54.83
0	54.88
0	54.92
0	54.96
0	55.00
0	55.04
1.88	55.08
0	55.13
0	55.17
0	55.21
0	55.25
2.04	55.29
1.88	55.33
0	55.38
0	55.42
0	55.46
0	55.50
0	55.54
1.98	55.58
0	55.63
0	55.67
0	55.71
0	55.75
0	55.79
0	55.83
0	55.88
0	55.92
2.11	55.96
0	56.00
0	56.04
0	56.08
0	56.13
0	56.17
0	56.21
2.74	56.25
0	56.29
3.06	56.33
0	56.38
0	56.42
2.54	56.46
2.62	56.50
2.56	56.54
0	56.58
0	56.63
0	56.67
0	56.71
0	56.75
0	56.79
0	56.83
0	56.88
0	56.92
0	56.96
0	57.00
0	57.04
0	57.08
0	57.13
0	57.17
0	57.21
0	57.25
0	57.29
1.91	57.33
2.29	57.38
2.37	57.42
2.62	57.46
0	57.50
2.24	57.54
2.33	57.58
2.14	57.63
1.87	57.67
0	57.71
0	57.75
0	57.79
0	57.83
4.34	57.88
0	57.92
0	57.96
0	58.00
0	58.04
0	58.08
0	58.13
0	58.17
0	58.21
0	58.25
0	58.29
0	58.33
0	58.38
2.51	58.42
0	58.46
2.62	58.50
0	58.54
2.49	58.58
0	58.63
0	58.67
0	58.71
0	58.75
0	58.79
0	58.83
0	58.88
0	58.92
0	58.96
0	59.00
0	59.04
0	59.08
0	59.13
0	59.17
0	59.21
1.85	59.25
0	59.29
0	59.33
0	59.38
2.70	59.42
2.78	59.46
1.58	59.50
2.49	59.54
0	59.58
0	59.63
0	59.67
0	59.71
0	59.75
2.14	59.79
2.37	59.83
0	59.88
0	59.92
0	59.96
0	60.00
0	60.04
0	60.08
0	60.13
0	60.17
0	60.21
0	60.25
0	60.29
0	60.33
2.41	60.38
0	60.42
2.93	60.46
2.83	60.50
2.57	60.54
2.37	60.58
0	60.63
0	60.67
0	60.71
0	60.75
0	60.79
0	60.83
0	60.88
0	60.92
0	60.96
0	61.00
0	61.04
0	61.08
0	61.13
0	61.17
0	61.21
0	61.25
0	61.29
0	61.33
0	61.38
0	61.42
0	61.46
2.88	61.50
2.54	61.54
2.48	61.58
0	61.63
0	61.67
0	61.71
0	61.75
0	61.79
0	61.83
0	61.88
0	61.92
0	61.96
0	62.00
0	62.04
0	62.08
0	62.13
2.01	62.17
1.98	62.21
2.03	62.25
0	62.29
0	62.33
0	62.38
2.40	62.42
2.40	62.46
2.06	62.50
0	62.54
2.37	62.58
2.09	62.63
0	62.67
0	62.71
0	62.75
0	62.79
0	62.83
0	62.88
0	62.92
0	62.96
0	63.00
0	63.04
0	63.08
0	63.13
0	63.17
0	63.21
0	63.25
0	63.29
0	63.33
0	63.38
0	63.42
2.43	63.46
2.40	63.50
2.38	63.54
0	63.58
2.04	63.63
0	63.67
0	63.71
0	63.75
0	63.79
0	63.83
0	63.88
2.75	63.92
2.74	63.96
0	64.00
0	64.04
0	64.08
0	64.13
0	64.17
0	64.21
0	64.25
0	64.29
0	64.33
1.75	64.38
1.95	64.42
2.51	64.46
2.53	64.50
0	64.54
2.25	64.58
2.16	64.63
0	64.67
0	64.71
0	64.75
0	64.79
0	64.83
0	64.88
1.80	64.92
2.80	64.96
1.74	65.00
2.22	65.04
0	65.08
0	65.13
0	65.17
0	65.21
0	65.25
0	65.29
0	65.33
1.91	65.38
1.88	65.42
0	65.46
0	65.50
0	65.54
1.59	65.58
2.17	65.63
0	65.67
0	65.71
0	65.75
0	65.79
0	65.83
0	65.88
0	65.92
0	65.96
0	66.00
0	66.04
0	66.08
0	66.13
0	66.17
0	66.21
0	66.25
0	66.29
2.01	66.33
0	66.38
2.94	66.42
3.89	66.46
0	66.50
1.77	66.54
0	66.58
2.29	66.63
0	66.67
0	66.71
0	66.75
0	66.79
0	66.83
0	66.88
0	66.92
0	66.96
0	67.00
0	67.04
0	67.08
0	67.13
0	67.17
0	67.21
0	67.25
0	67.29
0	67.33
2.37	67.38
0	67.42
2.64	67.46
2.78	67.50
2.82	67.54
2.45	67.58
2.20	67.63
0	67.67
0	67.71
2.35	67.75
0	67.79
0	67.83
0	67.88
0	67.92
0	67.96
0	68.00
0	68.04
0	68.08
0	68.13
0	68.17
0	68.21
0	68.25
0	68.29
2.11	68.33
0	68.38
0	68.42
2.74	68.46
2.90	68.50
0	68.54
1.87	68.58
2.29	68.63
0	68.67
0	68.71
0	68.75
0	68.79
0	68.83
0	68.88
0	68.92
0	68.96
0	69.00
0	69.04
0	69.08
0	69.13
0	69.17
2.04	69.21
0	69.25
2.04	69.29
2.17	69.33
2.49	69.38
2.41	69.42
2.77	69.46
2.94	69.50
2.74	69.54
0	69.58
2.48	69.63
2.20	69.67
2.03	69.71
2.16	69.75
0	69.79
0	69.83
3.23	69.88
2.19	69.92
0	69.96
2.27	70.00
0	70.04
0	70.08
2.29	70.13
0	70.17
0	70.21
3.17	70.25
1.58	70.29
0	70.33
2.48	70.38
2.57	70.42
2.61	70.46
3.14	70.50
3.35	70.54
2.80	70.58
2.35	70.63
0	70.67
0	70.71
0	70.75
0	70.79
0	70.83
0	70.88
0	70.92
0	70.96
0	71.00
2.33	71.04
2.17	71.08
2.16	71.13
1.98	71.17
0	71.21
0	71.25
0	71.29
0	71.33
1.71	71.38
2.66	71.42
2.57	71.46
2.70	71.50
1.96	71.54
2.45	71.58
2.20	71.63
2.24	71.67
2.12	71.71
0	71.75
0	71.79
0	71.83
0	71.88
0	71.92
0	71.96
0	72.00
0	72.04
0	72.08
0	72.13
0	72.17
0	72.21
0	72.25
0	72.29
0	72.33
2.75	72.38
3.31	72.42
2.75	72.46
1.93	72.50
1.51	72.54
2.74	72.58
2.37	72.63
1.90	72.67
0	72.71
0	72.75
0	72.79
0	72.83
2.27	72.88
0	72.92
0	72.96
0	73.00
0	73.04
0	73.08
2.01	73.13
0	73.17
0	73.21
0	73.25
0	73.29
1.90	73.33
2.62	73.38
2.54	73.42
3.57	73.46
2.54	73.50
0	73.54
2.78	73.58
1.50	73.63
0	73.67
0	73.71
0	73.75
0	73.79
0	73.83
0	73.88
0	73.92
0	73.96
0	74.00
0	74.04
2.01	74.08
2.04	74.13
0	74.17
0	74.21
0	74.25
0	74.29
0	74.33
2.37	74.38
2.67	74.42
0	74.46
2.80	74.50
2.74	74.54
2.49	74.58
2.11	74.63
2.06	74.67
0	74.71
0	74.75
0	74.79
0	74.83
0	74.88
0	74.92
2.30	74.96
0	75.00
0	75.04
0	75.08
0	75.13
0	75.17
0	75.21
0	75.25
0	75.29
2.99	75.33
2.27	75.38
2.16	75.42
2.67	75.46
2.75	75.50
2.85	75.54
2.56	75.58
2.49	75.63
0	75.67
0	75.71
0	75.75
0	75.79
0	75.83
0	75.88
0	75.92
0	75.96
0	76.00
0	76.04
0	76.08
0	76.13
0	76.17
0	76.21
0	76.25
0	76.29
2.16	76.33
0	76.38
2.66	76.42
0	76.46
2.82	76.50
2.62	76.54
0	76.58
2.54	76.63
0	76.67
0	76.71
0	76.75
0	76.79
0	76.83
0	76.88
0	76.92
0	76.96
0	77.00
0	77.04
0	77.08
0	77.13
0	77.17
0	77.21
0	77.25
0	77.29
2.30	77.33
2.45	77.38
0	77.42
2.88	77.46
2.64	77.50
2.72	77.54
2.46	77.58
2.93	77.63
2.24	77.67
0	77.71
0	77.75
0	77.79
0	77.83
0	77.88
0	77.92
0	77.96
0	78.00
0	78.04
0	78.08
0	78.13
0	78.17
0	78.21
0	78.25
0	78.29
0	78.33
2.29	78.38
2.93	78.42
2.86	78.46
2.86	78.50
0	78.54
2.77	78.58
2.57	78.63
2.77	78.67
0	78.71
2.09	78.75
2.04	78.79
0	78.83
0	78.88
0	78.92
0	78.96
0	79.00
0	79.04
0	79.08
0	79.13
0	79.17
0	79.21
0	79.25
0	79.29
2.00	79.33
2.33	79.38
2.56	79.42
0	79.46
0	79.50
0	79.54
0	79.58
0	79.63
0	79.67
0	79.71
0	79.75
0	79.79
0	79.83
0	79.88
2.35	79.92
0	79.96
0	80.00
2.04	80.04
0	80.08
0	80.13
0	80.17
2.01	80.21
1.98	80.25
3.17	80.29
1.85	80.33
3.03	80.38
2.80	80.42
3.06	80.46
2.90	80.50
0	80.54
2.67	80.58
0	80.63
2.17	80.67
0	80.71
0	80.75
0	80.79
0	80.83
0	80.88
0	80.92
2.53	80.96
2.37	81.00
2.03	81.04
2.54	81.08
0	81.13
1.98	81.17
0	81.21
0	81.25
0	81.29
2.17	81.33
0	81.38
2.99	81.42
2.78	81.46
2.75	81.50
0	81.54
2.74	81.58
2.45	81.63
0	81.67
0	81.71
0	81.75
0	81.79
0	81.83
1.96	81.88
0	81.92
0	81.96
0	82.00
0	82.04
0	82.08
1.90	82.13
0	82.17
0	82.21
0	82.25
0	82.29
0	82.33
0	82.38
2.82	82.42
0	82.46
0	82.50
0	82.54
0	82.58
0	82.63
0	82.67
0	82.71
0	82.75
0	82.79
0	82.83
0	82.88
0	82.92
0	82.96
0	83.00
0	83.04
0	83.08
0	83.13
0	83.17
0	83.21
0	83.25
0	83.29
2.16	83.33
0	83.38
2.86	83.42
2.82	83.46
2.85	83.50
0	83.54
0	83.58
0	83.63
0	83.67
0	83.71
0	83.75
0	83.79
0	83.83
0	83.88
0	83.92
0	83.96
0	84.00
0	84.04
0	84.08
0	84.13
0	84.17
0	84.21
0	84.25
0	84.29
2.12	84.33
2.57	84.38
2.62	84.42
3.23	84.46
3.06	84.50
0	84.54
0	84.58
0	84.63
0	84.67
0	84.71
0	84.75
0	84.79
0	84.83
0	84.88
0	84.92
0	84.96
0	85.00
0	85.04
0	85.08
0	85.13
0	85.17
0	85.21
0	85.25
0	85.29
2.56	85.33
2.69	85.38
2.85	85.42
2.94	85.46
2.83	85.50
0	85.54
0	85.58
2.54	85.63
2.14	85.67
0	85.71
0	85.75
0	85.79
0	85.83
0	85.88
0	85.92
0	85.96
0	86.00
0	86.04
0	86.08
0	86.13
0	86.17
0	86.21
0	86.25
0	86.29
2.35	86.33
2.74	86.38
2.93	86.42
3.09	86.46
0	86.50
2.85	86.54
0	86.58
2.59	86.63
2.16	86.67
0	86.71
0	86.75
0	86.79
0	86.83
0	86.88
0	86.92
0	86.96
0	87.00
0	87.04
0	87.08
0	87.13
0	87.17
0	87.21
0	87.25
0	87.29
2.24	87.33
0	87.38
2.94	87.42
2.99	87.46
0	87.50
0	87.54
2.91	87.58
2.85	87.63
2.54	87.67
0	87.71
0	87.75
0	87.79
0	87.83
0	87.88
0	87.92
0	87.96
0	88.00
0	88.04
0	88.08
0	88.13
0	88.17
0	88.21
0	88.25
1.95	88.29
2.40	88.33
2.78	88.38
2.86	88.42
0	88.46
0	88.50
2.88	88.54
2.09	88.58
0	88.63
2.61	88.67
0	88.71
0	88.75
0	88.79
0	88.83
0	88.88
0	88.92
0	88.96
0	89.00
0	89.04
0	89.08
0	89.13
0	89.17
0	89.21
0	89.25
0	89.29
0	89.33
2.45	89.38
2.66	89.42
0	89.46
3.03	89.50
2.82	89.54
2.75	89.58
2.67	89.63
2.29	89.67
0	89.71
0	89.75
0	89.79
0	89.83
0	89.88
0	89.92
0	89.96
0	90.00
0	90.04
0	90.08
0	90.13
0	90.17
0	90.21
0	90.25
0	90.29
0	90.33
2.78	90.38
2.49	90.42
2.69	90.46
2.78	90.50
0	90.54
0	90.58
0	90.63
0	90.67
0	90.71
1.79	90.75
0	90.79
0	90.83
0	90.88
0	90.92
0	90.96
0	91.00
0	91.04
0	91.08
0	91.13
0	91.17
0	91.21
0	91.25
0	91.29
0	91.33
2.56	91.38
0	91.42
0	91.46
2.99	91.50
2.90	91.54
0	91.58
0	91.63
2.09	91.67
0	91.71
0	91.75
0	91.79
0	91.83
0	91.88
0	91.92
0	91.96
0	92.00
0	92.04
0	92.08
0	92.13
0	92.17
0	92.21
0	92.25
0	92.29
0	92.33
0	92.38
2.70	92.42
2.85	92.46
0	92.50
0	92.54
1.66	92.58
2.43	92.63
2.32	92.67
0	92.71
0	92.75
0	92.79
0	92.83
0	92.88
0	92.92
0	92.96
0	93.00
0	93.04
0	93.08
0	93.13
0	93.17
0	93.21
0	93.25
0	93.29
0	93.33
0	93.38
2.83	93.42
0	93.46
0	93.50
1.77	93.54
2.64	93.58
2.98	93.63
0	93.67
0	93.71
0	93.75
0	93.79
0	93.83
0	93.88
0	93.92
0	93.96
2.09	94.00
0	94.04
0	94.08
0	94.13
0	94.17
0	94.21
0	94.25
1.58	94.29
0	94.33
0	94.38
2.78	94.42
2.27	94.46
2.93	94.50
2.98	94.54
3.25	94.58
2.78	94.63
0	94.67
0	94.71
0	94.75
0	94.79
0	94.83
0	94.88
0	94.92
0	94.96
0	95.00
0	95.04
0	95.08
0	95.13
0	95.17
0	95.21
0	95.25
0	95.29
0	95.33
0	95.38
0	95.42
0	95.46
2.99	95.50
0	95.54
0	95.58
0	95.63
0	95.67
0	95.71
0	95.75
0	95.79
0	95.83
2.11	95.88
0	95.92
0	95.96
0	96.00
0	96.04
0	96.08
0	96.13
0	96.17
0	96.21
0	96.25
0	96.29
1.74	96.33
2.69	96.38
0	96.42
0	96.46
3.03	96.50
2.99	96.54
0	96.58
0	96.63
2.54	96.67
0	96.71
0	96.75
0	96.79
0	96.83
0	96.88
0	96.92
0	96.96
0	97.00
0	97.04
0	97.08
0	97.13
0	97.17
0	97.21
0	97.25
1.93	97.29
0	97.33
2.75	97.38
2.75	97.42
6.13	97.46
0	97.50
2.86	97.54
2.78	97.58
2.43	97.63
2.35	97.67
1.87	97.71
0	97.75
0	97.79
0	97.83
0	97.88
0	97.92
0	97.96
0	98.00
0	98.04
0	98.08
0	98.13
0	98.17
0	98.21
0	98.25
2.04	98.29
0	98.33
2.72	98.38
2.90	98.42
0	98.46
2.96	98.50
3.23	98.54
2.83	98.58
2.67	98.63
2.37	98.67
0	98.71
0	98.75
0	98.79
0	98.83
0	98.88
0	98.92
0	98.96
0	99.00
0	99.04
0	99.08
0	99.13
0	99.17
0	99.21
0	99.25
2.01	99.29
2.41	99.33
2.85	99.38
2.90	99.42
2.88	99.46
2.20	99.50
3.11	99.54
0	99.58
2.54	99.63
2.17	99.67
0	99.71
0	99.75
0	99.79
0	99.83
0	99.88
0	99.92
0	99.96
0	100.00
0	100.04
0	100.08
0	100.13
0	100.17
0	100.21
0	100.25
2.04	100.29
0	100.33
3.01	100.38
3.64	100.42
3.01	100.46
3.04	100.50
3.07	100.54
2.80	100.58
2.66	100.63
1.71	100.67
2.64	100.71
0	100.75
0	100.79
0	100.83
0	100.88
0	100.92
0	100.96
2.04	101.00
0	101.04
0	101.08
0	101.13
0	101.17
0	101.21
0	101.25
2.20	101.29
2.49	101.33
0	101.38
2.90	101.42
3.56	101.46
3.03	101.50
2.99	101.54
4.46	101.58
3.22	101.63
2.16	101.67
0	101.71
0	101.75
0	101.79
0	101.83
0	101.88
0	101.92
0	101.96
0	102.00
0	102.04
0	102.08
0	102.13
0	102.17
0	102.21
0	102.25
1.82	102.29
2.53	102.33
2.64	102.38
2.94	102.42
0	102.46
0	102.50
2.80	102.54
2.80	102.58
2.74	102.63
0	102.67
0	102.71
0	102.75
0	102.79
0	102.83
0	102.88
0	102.92
0	102.96
0	103.00
0	103.04
0	103.08
0	103.13
0	103.17
0	103.21
0	103.25
0	103.29
0	103.33
2.99	103.38
0	103.42
0	103.46
0	103.50
3.01	103.54
0	103.58
2.62	103.63
0	103.67
0	103.71
0	103.75
0	103.79
0	103.83
0	103.88
0	103.92
0	103.96
0	104.00
0	104.04
0	104.08
0	104.13
0	104.17
0	104.21
0	104.25
2.01	104.29
2.75	104.33
3.11	104.38
3.04	104.42
3.07	104.46
3.01	104.50
3.11	104.54
3.23	104.58
3.27	104.63
2.30	104.67
0	104.71
0	104.75
0	104.79
0	104.83
0	104.88
0	104.92
0	104.96
0	105.00
0	105.04
0	105.08
0	105.13
0	105.17
0	105.21
0	105.25
0	105.29
2.61	105.33
0	105.38
2.80	105.42
4.22	105.46
0	105.50
0	105.54
2.91	105.58
3.11	105.63
0	105.67
0	105.71
0	105.75
0	105.79
0	105.83
2.54	105.88
2.53	105.92
0	105.96
0	106.00
0	106.04
0	106.08
0	106.13
0	106.17
0	106.21
0	106.25
2.00	106.29
2.51	106.33
2.46	106.38
0	106.42
3.11	106.46
0	106.50
0	106.54
0	106.58
3.01	106.63
2.53	106.67
2.01	106.71
0	106.75
1.85	106.79
0	106.83
0	106.88
0	106.92
0	106.96
0	107.00
0	107.04
0	107.08
0	107.13
0	107.17
0	107.21
0	107.25
0	107.29
2.70	107.33
3.04	107.38
2.99	107.42
3.22	107.46
0	107.50
3.12	107.54
2.99	107.58
2.78	107.63
0	107.67
0	107.71
0	107.75
2.24	107.79
0	107.83
0	107.88
2.08	107.92
2.37	107.96
0	108.00
0	108.04
0	108.08
0	108.13
0	108.17
0	108.21
0	108.25
0	108.29
0	108.33
2.72	108.38
3.22	108.42
3.23	108.46
3.15	108.50
2.94	108.54
0	108.58
0	108.63
2.30	108.67
0	108.71
0	108.75
0	108.79
0	108.83
0	108.88
0	108.92
0	108.96
0	109.00
0	109.04
0	109.08
0	109.13
0	109.17
0	109.21
0	109.25
2.09	109.29
3.35	109.33
2.78	109.38
2.98	109.42
0	109.46
0	109.50
3.01	109.54
0	109.58
0	109.63
2.17	109.67
2.14	109.71
0	109.75
0	109.79
0	109.83
0	109.88
0	109.92
0	109.96
0	110.00
0	110.04
0	110.08
0	110.13
0	110.17
0	110.21
0	110.25
0	110.29
2.57	110.33
0	110.38
0	110.42
0	110.46
0	110.50
0	110.54
0	110.58
0	110.63
0	110.67
2.33	110.71
2.33	110.75
0	110.79
0	110.83
0	110.88
0	110.92
0	110.96
0	111.00
0	111.04
0	111.08
0	111.13
0	111.17
0	111.21
1.80	111.25
0	111.29
2.69	111.33
0	111.38
2.94	111.42
3.64	111.46
2.72	111.50
3.38	111.54
3.12	111.58
1.98	111.63
2.53	111.67
2.04	111.71
0	111.75
0	111.79
2.20	111.83
1.87	111.88
0	111.92
0	111.96
0	112.00
0	112.04
0	112.08
0	112.13
0	112.17
0	112.21
0	112.25
2.35	112.29
2.72	112.33
2.98	112.38
3.14	112.42
3.14	112.46
3.20	112.50
0	112.54
3.01	112.58
2.75	112.63
0	112.67
0	112.71
0	112.75
0	112.79
0	112.83
0	112.88
0	112.92
0	112.96
0	113.00
0	113.04
0	113.08
0	113.13
0	113.17
0	113.21
0	113.25
0	113.29
0	113.33
2.91	113.38
3.33	113.42
3.62	113.46
3.28	113.50
3.67	113.54
3.07	113.58
3.17	113.63
0	113.67
2.12	113.71
0	113.75
0	113.79
0	113.83
0	113.88
0	113.92
0	113.96
0	114.00
0	114.04
0	114.08
0	114.13
0	114.17
0	114.21
0	114.25
0	114.29
0	114.33
0	114.38
0	114.42
0	114.46
0	114.50
0	114.54
0	114.58
0	114.63
0	114.67
0	114.71
0	114.75
0	114.79
0	114.83
0	114.88
0	114.92
0	114.96
0	115.00
0	115.04
0	115.08
0	115.13
0	115.17
0	115.21
0	115.25
0	115.29
0	115.33
2.96	115.38
3.09	115.42
3.12	115.46
0	115.50
2.90	115.54
2.88	115.58
2.54	115.63
2.37	115.67
0	115.71
0	115.75
0	115.79
0	115.83
0	115.88
0	115.92
0	115.96
0	116.00
0	116.04
0	116.08
0	116.13
0	116.17
0	116.21
0	116.25
0	116.29
2.72	116.33
2.41	116.38
3.12	116.42
3.46	116.46
3.07	116.50
3.03	116.54
0	116.58
0	116.63
0	116.67
2.01	116.71
2.48	116.75
0	116.79
0	116.83
0	116.88
0	116.92
0	116.96
0	117.00
0	117.04
0	117.08
0	117.13
0	117.17
0	117.21
0	117.25
0	117.29
2.57	117.33
0	117.38
3.11	117.42
3.57	117.46
2.96	117.50
0	117.54
2.99	117.58
2.83	117.63
2.56	117.67
2.16	117.71
2.37	117.75
0	117.79
0	117.83
0	117.88
2.51	117.92
2.56	117.96
0	118.00
0	118.04
0	118.08
0	118.13
0	118.17
0	118.21
0	118.25
2.38	118.29
2.70	118.33
3.17	118.38
3.62	118.42
4.01	118.46
0	118.50
3.17	118.54
0	118.58
0	118.63
2.57	118.67
2.19	118.71
0	118.75
0	118.79
0	118.83
0	118.88
0	118.92
0	118.96
0	119.00
0	119.04
0	119.08
0	119.13
0	119.17
0	119.21
0	119.25
0	119.29
0	119.33
3.03	119.38
3.17	119.42
0	119.46
3.33	119.50
0	119.54
0	119.58
2.99	119.63
2.48	119.67
0	119.71
0	119.75
0	119.79
0	119.83
0	119.88
0	119.92
2.03	119.96
2.11	120.00
2.33	120.04
2.40	120.08
2.00	120.13
0	120.17
0	120.21
0	120.25
2.54	120.29
2.75	120.33
2.94	120.38
0	120.42
3.12	120.46
3.31	120.50
4.33	120.54
3.03	120.58
3.22	120.63
2.22	120.67
2.77	120.71
0	120.75
0	120.79
0	120.83
0	120.88
0	120.92
0	120.96
0	121.00